1.5560000 -0.041126411 0.016735367
1.5560007 -0.038905715 0.014638726
1.5560014 -0.036565072 0.012658694
1.5560021 -0.034110538 0.010801817
1.5560028 -0.031548535 0.0090743259
1.5560035 -0.028885827 0.0074821170
1.5560042 -0.026129511 0.0060307299
1.5560049 -0.023286991 0.0047253299
1.5560056 -0.020365963 0.0035706893
1.5560063 -0.017374393 0.0025711709
1.5560070 -0.014320492 0.0017307119
1.5560077 -0.011212696 0.0010528097
1.5560084 -0.0080596406 0.00054050842
1.5560091 -0.0048701370 0.00019638705
1.5560098 -0.0016531451 2.2549057E-005
1.5560105 0.0015822515 2.0613382E-005
1.5560112 0.0048268731 0.00019170694
1.5560119 0.0080714712 0.00053645875
1.5560126 0.011306756 0.0010549956
1.5560133 0.014523424 0.0017469393
1.5560140 0.017712186 0.0026114057
1.5560147 0.020863799 0.0036470052
1.5560154 0.023969088 0.0048518453
1.5560161 0.027018979 0.0062235339
1.5560168 0.030004526 0.0077591855
1.5560175 0.032916935 0.0094554279
1.5560182 0.035747597 0.011308411
1.5560189 0.038488111 0.013313818
1.5560196 0.041130308 0.015466876
1.5560203 0.043666280 0.017762369
1.5560210 0.046088403 0.020194656
1.5560217 0.048389359 0.022757683
1.5560224 0.050562160 0.025445002
1.5560231 0.052600168 0.028249791
1.5560238 0.054497117 0.031164873
1.5560245 0.056247129 0.034182735
1.5560252 0.057844734 0.037295553
1.5560259 0.059284888 0.040495213
1.5560266 0.060562982 0.043773337
1.5560273 0.061674861 0.047121303
1.5560280 0.062616836 0.050530274
1.5560287 0.063385691 0.053991223
1.5560294 0.063978695 0.057494958
1.5560301 0.064393609 0.061032148
1.5560308 0.064628692 0.064593352
1.5560315 0.064682706 0.068169044
1.5560322 0.064554919 0.071749641
1.5560329 0.064245108 0.075325530
1.5560336 0.063753557 0.078887094
1.5560343 0.063081056 0.082424739
1.5560350 0.062228901 0.085928922
1.5560357 0.061198889 0.089390176
1.5560364 0.059993308 0.092799137
1.5560371 0.058614940 0.096146568
1.5560378 0.057067043 0.099423384
1.5560385 0.055353348 0.10262068
1.5560392 0.053478048 0.10572975
1.5560399 0.051445785 0.10874210
1.5560406 0.049261636 0.11164951
1.5560413 0.046931105 0.11444401
1.5560420 0.044460103 0.11711791
1.5560427 0.041854935 0.11966385
1.5560434 0.039122283 0.12207479
1.5560441 0.036269189 0.12434402
1.5560448 0.033303039 0.12646522
1.5560455 0.030231540 0.12843243
1.5560462 0.027062704 0.13024011
1.5560469 0.023804828 0.13188309
1.5560476 0.020466471 0.13335666
1.5560483 0.017056437 0.13465653
1.5560490 0.013583749 0.13577886
1.5560497 0.010057630 0.13672027
1.5560504 0.0064874786 0.13747786
1.5560511 0.0028828476 0.13804917
1.5560518 -0.00074657956 0.13843226
1.5560525 -0.0043910125 0.13862567
1.5560532 -0.0080405775 0.13862842
1.5560539 -0.011685342 0.13844006
1.5560546 -0.015315336 0.13806062
1.5560553 -0.018920582 0.13749063
1.5560560 -0.022491114 0.13673116
1.5560567 -0.026017003 0.13578375
1.5560574 -0.029488386 0.13465047
1.5560581 -0.032895483 0.13333388
1.5560588 -0.036228631 0.13183706
1.5560595 -0.039478298 0.13016357
1.5560602 -0.042635117 0.12831747
1.5560609 -0.045689907 0.12630330
1.5560616 -0.048633694 0.12412608
1.5560623 -0.051457739 0.12179131
1.5560630 -0.054153563 0.11930493
1.5560637 -0.056712966 0.11667336
1.5560644 -0.059128053 0.11390343
1.5560651 -0.061391260 0.11100240
1.5560658 -0.063495370 0.10797794
1.5560665 -0.065433539 0.10483814
1.5560672 -0.067199319 0.10159142
1.5560679 -0.068786675 0.098246597
1.5560686 -0.070190009 0.094812821
1.5560693 -0.071404178 0.091299560
1.5560700 -0.072424512 0.087716582
1.5560707 -0.073246832 0.084073933
1.5560714 -0.073867472 0.080381912
1.5560721 -0.074283287 0.076651049
1.5560728 -0.074491675 0.072892076
1.5560735 -0.074490586 0.069115901
1.5560742 -0.074278537 0.065333582
1.5560749 -0.073854625 0.061556295
1.5560756 -0.073218534 0.057795307
1.5560763 -0.072370541 0.054061946
1.5560770 -0.071311532 0.050367565
1.5560777 -0.070042997 0.046723514
1.5560784 -0.068567041 0.043141108
1.5560791 -0.066886380 0.039631590
1.5560798 -0.065004347 0.036206098
1.5560805 -0.062924884 0.032875635
1.5560812 -0.060652543 0.029651029
1.5560819 -0.058192477 0.026542902
1.5560826 -0.055550435 0.023561636
1.5560833 -0.052732747 0.020717335
1.5560840 -0.049746317 0.018019793
1.5560847 -0.046598608 0.015478464
1.5560854 -0.043297620 0.013102420
1.5560861 -0.039851881 0.010900328
1.5560868 -0.036270418 0.0088804135
1.5560875 -0.032562739 0.0070504285
1.5560882 -0.028738807 0.0054176261
1.5560889 -0.024809012 0.0039887295
1.5560896 -0.020784145 0.0027699063
1.5560903 -0.016675367 0.0017667431
1.5560910 -0.012494175 0.00098422198
1.5560917 -0.0082523712 0.00042669894
1.5560924 -0.0039620246 9.7884482E-005
1.5560931 0.00036456318 8.2597918E-007
1.5560938 0.0047148965 0.00013789241
1.5560945 0.0090763248 0.00051076144
1.5560952 0.013436083 0.0011204088
1.5560959 0.017781329 0.0019671003
1.5560966 0.022099192 0.0030503861
1.5560973 0.026376806 0.0043690981
1.5560980 0.030601356 0.0059213492
1.5560987 0.034760119 0.0077045358
1.5560994 0.038840509 0.0097153429
1.5561001 0.042830112 0.011949751
1.5561008 0.046716732 0.014403049
1.5561015 0.050488432 0.017069841
1.5561022 0.054133567 0.019944068
1.5561029 0.057640831 0.023019023
1.5561036 0.060999289 0.026287371
1.5561043 0.064198411 0.029741170
1.5561050 0.067228113 0.033371898
1.5561057 0.070078783 0.037170479
1.5561064 0.072741315 0.041127310
1.5561071 0.075207140 0.045232291
1.5561078 0.077468246 0.049474859
1.5561085 0.079517211 0.053844021
1.5561092 0.081347219 0.058328384
1.5561099 0.082952086 0.062916196
1.5561106 0.084326273 0.067595382
1.5561113 0.085464904 0.072353577
1.5561120 0.086363782 0.077178169
1.5561127 0.087019396 0.082056335
1.5561134 0.087428930 0.086975080
1.5561141 0.087590274 0.091921275
1.5561148 0.087502021 0.096881699
1.5561155 0.087163476 0.10184307
1.5561162 0.086574651 0.10679211
1.5561169 0.085736263 0.11171552
1.5561176 0.084649733 0.11660010
1.5561183 0.083317175 0.12143274
1.5561190 0.081741390 0.12620043
1.5561197 0.079925854 0.13089036
1.5561204 0.077874708 0.13548991
1.5561211 0.075592746 0.13998668
1.5561218 0.073085393 0.14436856
1.5561225 0.070358697 0.14862372
1.5561232 0.067419305 0.15274066
1.5561239 0.064274446 0.15670823
1.5561246 0.060931914 0.16051567
1.5561253 0.057400040 0.16415262
1.5561260 0.053687676 0.16760916
1.5561267 0.049804168 0.17087581
1.5561274 0.045759335 0.17394358
1.5561281 0.041563444 0.17680399
1.5561288 0.037227183 0.17944904
1.5561295 0.032761639 0.18187130
1.5561302 0.028178269 0.18406389
1.5561309 0.023488874 0.18602047
1.5561316 0.018705574 0.18773530
1.5561323 0.013840779 0.18920326
1.5561330 0.0089071629 0.19041979
1.5561337 0.0039176350 0.19138099
1.5561344 -0.0011146875 0.19208357
1.5561351 -0.0061765075 0.19252488
1.5561358 -0.011254376 0.19270293
1.5561365 -0.016334722 0.19261637
1.5561372 -0.021403878 0.19226452
1.5561379 -0.026448114 0.19164735
1.5561386 -0.031453660 0.19076553
1.5561393 -0.036406740 0.18962037
1.5561400 -0.041293601 0.18821388
1.5561407 -0.046100541 0.18654875
1.5561414 -0.050813938 0.18462832
1.5561421 -0.055420285 0.18245664
1.5561428 -0.059906214 0.18003843
1.5561435 -0.064258532 0.17737907
1.5561442 -0.068464248 0.17448464
1.5561449 -0.072510608 0.17136185
1.5561456 -0.076385123 0.16801811
1.5561463 -0.080075604 0.16446146
1.5561470 -0.083570191 0.16070060
1.5561477 -0.086857389 0.15674487
1.5561484 -0.089926097 0.15260423
1.5561491 -0.092765646 0.14828927
1.5561498 -0.095365825 0.14381116
1.5561505 -0.097716921 0.13918168
1.5561512 -0.099809749 0.13441316
1.5561519 -0.10163568 0.12951851
1.5561526 -0.10318670 0.12451115
1.5561533 -0.10445540 0.11940500
1.5561540 -0.10543503 0.11421450
1.5561547 -0.10611956 0.10895450
1.5561554 -0.10650367 0.10364031
1.5561561 -0.10658279 0.098287624
1.5561568 -0.10635315 0.092912509
1.5561575 -0.10581178 0.087531347
1.5561582 -0.10495658 0.082160813
1.5561589 -0.10378628 0.076817829
1.5561596 -0.10230055 0.071519517
1.5561603 -0.10049996 0.066283161
1.5561610 -0.098385998 0.061126152
1.5561617 -0.095961145 0.056065940
1.5561624 -0.093228837 0.051119980
1.5561631 -0.090193502 0.046305680
1.5561638 -0.086860562 0.041640341
1.5561645 -0.083236444 0.037141099
1.5561652 -0.079328583 0.032824864
1.5561659 -0.075145419 0.028708262
1.5561666 -0.070696391 0.024807566
1.5561673 -0.065991934 0.021138638
1.5561680 -0.061043459 0.017716861
1.5561687 -0.055863338 0.014557073
1.5561694 -0.050464883 0.011673509
1.5561701 -0.044862314 0.0090797304
1.5561708 -0.039070732 0.0067885645
1.5561715 -0.033106077 0.0048120430
1.5561722 -0.026985091 0.0031613410
1.5561729 -0.020725267 0.0018467198
1.5561736 -0.014344799 0.00087747089
1.5561743 -0.0078625273 0.00026186419
1.5561750 -0.0012978750 7.0988909E-006
1.5561757 0.0053292136 0.00011925861
1.5561764 0.011998343 0.00060327066
1.5561771 0.018688739 0.0014628701
1.5561778 0.025379321 0.0027005685
1.5561785 0.032048785 0.0043176287
1.5561792 0.038675680 0.0063140444
1.5561799 0.045238491 0.0086885257
1.5561806 0.051715724 0.011438492
1.5561813 0.058085988 0.014560068
1.5561820 0.064328083 0.018048092
1.5561827 0.070421082 0.021896120
1.5561834 0.076344416 0.026096450
1.5561841 0.082077957 0.030640141
1.5561848 0.087602098 0.035517042
1.5561855 0.092897829 0.040715829
1.5561862 0.097946817 0.046224045
1.5561869 0.10273147 0.052028149
1.5561876 0.10723503 0.058113562
1.5561883 0.11144158 0.064464727
1.5561890 0.11533618 0.071065170
1.5561897 0.11890486 0.077897561
1.5561904 0.12213470 0.084943785
1.5561911 0.12501385 0.092185011
1.5561918 0.12753159 0.099601762
1.5561925 0.12967838 0.10717400
1.5561932 0.13144582 0.11488117
1.5561939 0.13282674 0.12270234
1.5561946 0.13381518 0.13061622
1.5561953 0.13440641 0.13860123
1.5561960 0.13459692 0.14663565
1.5561967 0.13438444 0.15469763
1.5561974 0.13376793 0.16276527
1.5561981 0.13274753 0.17081671
1.5561988 0.13132462 0.17883020
1.5561995 0.12950173 0.18678416
1.5562002 0.12728255 0.19465724
1.5562009 0.12467188 0.20242836
1.5562016 0.12167563 0.21007683
1.5562023 0.11830078 0.21758234
1.5562030 0.11455531 0.22492504
1.5562037 0.11044821 0.23208558
1.5562044 0.10598942 0.23904515
1.5562051 0.10118977 0.24578554
1.5562058 0.096060976 0.25228913
1.5562065 0.090615573 0.25853898
1.5562072 0.084866883 0.26451881
1.5562079 0.078828969 0.27021306
1.5562086 0.072516595 0.27560688
1.5562093 0.065945187 0.28068620
1.5562100 0.059130790 0.28543768
1.5562107 0.052090031 0.28984878
1.5562114 0.044840080 0.29390774
1.5562121 0.037398614 0.29760362
1.5562128 0.029783785 0.30092626
1.5562135 0.022014181 0.30386634
1.5562142 0.014108799 0.30641537
1.5562149 0.0060870142 0.30856565
1.5562156 -0.0020314501 0.31031036
1.5562163 -0.010226547 0.31164348
1.5562170 -0.018477931 0.31255984
1.5562177 -0.026764982 0.31305512
1.5562184 -0.035066828 0.31312584
1.5562191 -0.043362363 0.31276937
1.5562198 -0.051630268 0.31198395
1.5562205 -0.059849027 0.31076867
1.5562212 -0.067996949 0.30912349
1.5562219 -0.076052177 0.30704928
1.5562226 -0.083992710 0.30454776
1.5562233 -0.091796418 0.30162160
1.5562240 -0.099441053 0.29827435
1.5562247 -0.10690427 0.29451054
1.5562254 -0.11416365 0.29033564
1.5562261 -0.12119670 0.28575608
1.5562268 -0.12798088 0.28077934
1.5562275 -0.13449366 0.27541390
1.5562282 -0.14071246 0.26966932
1.5562289 -0.14661477 0.26355625
1.5562296 -0.15217813 0.25708646
1.5562303 -0.15738016 0.25027291
1.5562310 -0.16219862 0.24312974
1.5562317 -0.16661143 0.23567237
1.5562324 -0.17059675 0.22791748
1.5562331 -0.17413301 0.21988309
1.5562338 -0.17719897 0.21158863
1.5562345 -0.17977380 0.20305490
1.5562352 -0.18183715 0.19430422
1.5562359 -0.18336925 0.18536038
1.5562366 -0.18435097 0.17624876
1.5562373 -0.18476395 0.16699630
1.5562380 -0.18459073 0.15763159
1.5562387 -0.18381481 0.14818485
1.5562394 -0.18242086 0.13868800
1.5562401 -0.18039481 0.12917462
1.5562408 -0.17772404 0.11968002
1.5562415 -0.17439752 0.11024116
1.5562422 -0.17040599 0.10089668
1.5562429 -0.16574218 0.091686860
1.5562436 -0.16040094 0.082653523
1.5562443 -0.15437951 0.073840008
1.5562450 -0.14767767 0.065291052
1.5562457 -0.14029800 0.057052674
1.5562464 -0.13224605 0.049172028
1.5562471 -0.12353057 0.041697230
1.5562478 -0.11416372 0.034677154
1.5562485 -0.10416126 0.028161205
1.5562492 -0.093542725 0.022199044
1.5562499 -0.082331621 0.016840302
1.5562506 -0.070555550 0.012134242
1.5562513 -0.058246337 0.0081294104
1.5562520 -0.045440120 0.0048732400
1.5562527 -0.032177398 0.0024116406
1.5562534 -0.018503045 0.00078855972
1.5562541 -0.0044662686 4.5525312E-005
1.5562548 0.0098794784 0.00022117572
1.5562555 0.024476645 0.0013507816
1.5562562 0.039263785 0.0034657677
1.5562569 0.054175829 0.0065932428
1.5562576 0.069144407 0.010755545
1.5562583 0.084098246 0.015969816
1.5562590 0.098963624 0.022247603
1.5562597 0.11366488 0.029594515
1.5562604 0.12812497 0.038009929
1.5562611 0.14226609 0.047486752
1.5562618 0.15601032 0.058011269
1.5562625 0.16928032 0.069563052
1.5562632 0.18199998 0.082114965
1.5562639 0.19409517 0.095633244
1.5562646 0.20549443 0.11007768
1.5562653 0.21612961 0.12540186
1.5562660 0.22593657 0.14155353
1.5562667 0.23485575 0.15847504
1.5562674 0.24283272 0.17610379
1.5562681 0.24981868 0.19437284
1.5562688 0.25577083 0.21321151
1.5562695 0.26065273 0.23254605
1.5562702 0.26443455 0.25230031
1.5562709 0.26709317 0.27239649
1.5562716 0.26861229 0.29275583
1.5562723 0.26898236 0.31329933
1.5562730 0.26820052 0.33394840
1.5562737 0.26627036 0.35462558
1.5562744 0.26320169 0.37525510
1.5562751 0.25901021 0.39576348
1.5562758 0.25371709 0.41608000
1.5562765 0.24734860 0.43613722
1.5562772 0.23993561 0.45587126
1.5562779 0.23151311 0.47522221
1.5562786 0.22211973 0.49413433
1.5562793 0.21179718 0.51255624
1.5562800 0.20058980 0.53044106
1.5562807 0.18854403 0.54774645
1.5562814 0.17570795 0.56443464
1.5562821 0.16213079 0.58047235
1.5562828 0.14786254 0.59583076
1.5562835 0.13295353 0.61048533
1.5562842 0.11745405 0.62441568
1.5562849 0.10141406 0.63760540
1.5562856 0.084882821 0.65004181
1.5562863 0.067908716 0.66171579
1.5562870 0.050538962 0.67262151
1.5562877 0.032819445 0.68275620
1.5562884 0.014794548 0.69211991
1.5562891 -0.0034929738 0.70071525
1.5562898 -0.022002097 0.70854717
1.5562905 -0.040693607 0.71562273
1.5562912 -0.059530151 0.72195083
1.5562919 -0.078476268 0.72754205
1.5562926 -0.097498404 0.73240840
1.5562933 -0.11656491 0.73656315
1.5562940 -0.13564600 0.74002062
1.5562947 -0.15471377 0.74279605
1.5562954 -0.17374211 0.74490540
1.5562961 -0.19270667 0.74636525
1.5562968 -0.21158481 0.74719261
1.5562975 -0.23035553 0.74740486
1.5562982 -0.24899941 0.74701959
1.5562989 -0.26749854 0.74605455
1.5562996 -0.28583642 0.74452752
1.5563003 -0.30399796 0.74245625
1.5563010 -0.32196933 0.73985841
1.5563017 -0.33973792 0.73675150
1.5563024 -0.35729228 0.73315280
1.5563031 -0.37462203 0.72907936
1.5563038 -0.39171781 0.72454793
1.5563045 -0.40857120 0.71957493
1.5563052 -0.42517467 0.71417645
1.5563059 -0.44152150 0.70836819
1.5563066 -0.45760574 0.70216548
1.5563073 -0.47342215 0.69558322
1.5563080 -0.48896613 0.68863595
1.5563087 -0.50423371 0.68133776
1.5563094 -0.51922145 0.67370232
1.5563101 -0.53392644 0.66574291
1.5563108 -0.54834624 0.65747236
1.5563115 -0.56247882 0.64890310
1.5563122 -0.57632258 0.64004715
1.5563129 -0.58987624 0.63091613
1.5563136 -0.60313887 0.62152126
1.5563143 -0.61610983 0.61187335
1.5563150 -0.62878874 0.60198287
1.5563157 -0.64117547 0.59185988
1.5563164 -0.65327011 0.58151410
1.5563171 -0.66507291 0.57095491
1.5563178 -0.67658435 0.56019131
1.5563185 -0.68780501 0.54923202
1.5563192 -0.69873562 0.53808541
1.5563199 -0.70937705 0.52675954
1.5563206 -0.71973025 0.51526221
1.5563213 -0.72979626 0.50360089
1.5563220 -0.73957619 0.49178281
1.5563227 -0.74907123 0.47981492
1.5563234 -0.75828261 0.46770392
1.5563241 -0.76721159 0.45545626
1.5563248 -0.77585950 0.44307818
1.5563255 -0.78422764 0.43057568
1.5563262 -0.79231736 0.41795456
1.5563269 -0.80013002 0.40522039
1.5563276 -0.80766696 0.39237858
1.5563283 -0.81492953 0.37943435
1.5563290 -0.82191906 0.36639272
1.5563297 -0.82863687 0.35325856
1.5563304 -0.83508426 0.34003660
1.5563311 -0.84126250 0.32673138
1.5563318 -0.84717285 0.31334733
1.5563325 -0.85281650 0.29988873
1.5563332 -0.85819465 0.28635974
1.5563339 -0.86330842 0.27276439
1.5563346 -0.86815893 0.25910660
1.5563353 -0.87274721 0.24539020
1.5563360 -0.87707429 0.23161889
1.5563367 -0.88114112 0.21779630
1.5563374 -0.88494862 0.20392597
1.5563381 -0.88849766 0.19001134
1.5563388 -0.89178903 0.17605581
1.5563395 -0.89482351 0.16206267
1.5563402 -0.89760178 0.14803517
1.5563409 -0.90012451 0.13397651
1.5563416 -0.90239227 0.11988982
1.5563423 -0.90440561 0.10577818
1.5563430 -0.90616500 0.091644645
1.5563437 -0.90767086 0.077492222
1.5563444 -0.90892354 0.063323888
1.5563451 -0.90992334 0.049142594
1.5563458 -0.91067050 0.034951270
1.5563465 -0.91116521 0.020752826
1.5563472 -0.91140757 0.0065501640
1.5563479 -0.91139765 -0.0076538241
1.5563486 -0.91113545 -0.021856247
1.5563493 -0.91062090 -0.036054212
1.5563500 -0.90985388 -0.050244817
1.5563507 -0.90883421 -0.064425150
1.5563514 -0.90756164 -0.078592280
1.5563521 -0.90603588 -0.092743254
1.5563528 -0.90425655 -0.10687509
1.5563535 -0.90222324 -0.12098478
1.5563542 -0.89993547 -0.13506928
1.5563549 -0.89739269 -0.14912549
1.5563556 -0.89459433 -0.16315026
1.5563563 -0.89153972 -0.17714042
1.5563570 -0.88822815 -0.19109271
1.5563577 -0.88465888 -0.20500381
1.5563584 -0.88083108 -0.21887033
1.5563591 -0.87674389 -0.23268883
1.5563598 -0.87239638 -0.24645575
1.5563605 -0.86778761 -0.26016747
1.5563612 -0.86291654 -0.27382026
1.5563619 -0.85778213 -0.28741029
1.5563626 -0.85238327 -0.30093365
1.5563633 -0.84671883 -0.31438628
1.5563640 -0.84078761 -0.32776402
1.5563647 -0.83458841 -0.34106257
1.5563654 -0.82811999 -0.35427750
1.5563661 -0.82138106 -0.36740425
1.5563668 -0.81437032 -0.38043809
1.5563675 -0.80708646 -0.39337413
1.5563682 -0.79952815 -0.40620734
1.5563689 -0.79169403 -0.41893247
1.5563696 -0.78358276 -0.43154412
1.5563703 -0.77519298 -0.44403669
1.5563710 -0.76652337 -0.45640437
1.5563717 -0.75757260 -0.46864113
1.5563724 -0.74833936 -0.48074074
1.5563731 -0.73882239 -0.49269671
1.5563738 -0.72902046 -0.50450232
1.5563745 -0.71893240 -0.51615061
1.5563752 -0.70855710 -0.52763434
1.5563759 -0.69789351 -0.53894599
1.5563766 -0.68694071 -0.55007777
1.5563773 -0.67569784 -0.56102158
1.5563780 -0.66416418 -0.57176902
1.5563787 -0.65233915 -0.58231137
1.5563794 -0.64022231 -0.59263958
1.5563801 -0.62781340 -0.60274426
1.5563808 -0.61511236 -0.61261566
1.5563815 -0.60211933 -0.62224369
1.5563822 -0.58883473 -0.63161787
1.5563829 -0.57525921 -0.64072734
1.5563836 -0.56139373 -0.64956085
1.5563843 -0.54723960 -0.65810677
1.5563850 -0.53279845 -0.66635305
1.5563857 -0.51807234 -0.67428723
1.5563864 -0.50306376 -0.68189643
1.5563871 -0.48777565 -0.68916737
1.5563878 -0.47221148 -0.69608634
1.5563885 -0.45637530 -0.70263921
1.5563892 -0.44027173 -0.70881144
1.5563899 -0.42390608 -0.71458808
1.5563906 -0.40728435 -0.71995379
1.5563913 -0.39041333 -0.72489283
1.5563920 -0.37330061 -0.72938910
1.5563927 -0.35595469 -0.73342616
1.5563934 -0.33838500 -0.73698724
1.5563941 -0.32060200 -0.74005529
1.5563948 -0.30261724 -0.74261301
1.5563955 -0.28444340 -0.74464289
1.5563962 -0.26609440 -0.74612726
1.5563969 -0.24758546 -0.74704838
1.5563976 -0.22893316 -0.74738847
1.5563983 -0.21015553 -0.74712981
1.5563990 -0.19127211 -0.74625483
1.5563997 -0.17230401 -0.74474619
1.5564004 -0.15327399 -0.74258690
1.5564011 -0.13420653 -0.73976046
1.5564018 -0.11512787 -0.73625095
1.5564025 -0.096066047 -0.73204322
1.5564032 -0.077050974 -0.72712302
1.5564039 -0.058114434 -0.72147720
1.5564046 -0.039290115 -0.71509384
1.5564053 -0.020613606 -0.70796252
1.5564060 -0.0021223871 -0.70007445
1.5564067 0.016144205 -0.69142276
1.5564074 0.034145034 -0.68200266
1.5564081 0.051837237 -0.67181175
1.5564088 0.069176334 -0.66085017
1.5564095 0.086116359 -0.64912093
1.5564102 0.10261002 -0.63663010
1.5564109 0.11860891 -0.62338707
1.5564116 0.13406370 -0.60940477
1.5564123 0.14892444 -0.59469993
1.5564130 0.16314086 -0.57929321
1.5564137 0.17666267 -0.56320946
1.5564144 0.18943997 -0.54647783
1.5564151 0.20142361 -0.52913189
1.5564158 0.21256566 -0.51120976
1.5564165 0.22281985 -0.49275409
1.5564172 0.23214206 -0.47381207
1.5564179 0.24049080 -0.45443537
1.5564186 0.24782774 -0.43468002
1.5564193 0.25411820 -0.41460621
1.5564200 0.25933165 -0.39427803
1.5564207 0.26344222 -0.37376315
1.5564214 0.26642912 -0.35313245
1.5564221 0.26827710 -0.33245956
1.5564228 0.26897680 -0.31182032
1.5564235 0.26852510 -0.29129227
1.5564242 0.26692535 -0.27095397
1.5564249 0.26418756 -0.25088438
1.5564256 0.26032853 -0.23116216
1.5564263 0.25537184 -0.21186496
1.5564270 0.24934779 -0.19306872
1.5564277 0.24229327 -0.17484694
1.5564284 0.23425148 -0.15727000
1.5564291 0.22527159 -0.14040451
1.5564298 0.21540838 -0.12431267
1.5564305 0.20472171 -0.10905173
1.5564312 0.19327598 -0.094673522
1.5564319 0.18113953 -0.081223972
1.5564326 0.16838398 -0.068742825
1.5564333 0.15508357 -0.057263357
1.5564340 0.14131444 -0.046812222
1.5564347 0.12715396 -0.037409363
1.5564354 0.11267998 -0.029068026
1.5564361 0.097970226 -0.021794845
1.5564368 0.083101591 -0.015590010
1.5564375 0.068149565 -0.010447501
1.5564382 0.053187662 -0.0063553877
1.5564389 0.038286912 -0.0032961789
1.5564396 0.023515420 -0.0012472192
1.5564403 0.0089379673 -0.00018111829
1.5564410 -0.0053843026 -6.6205716E-005
1.5564417 -0.019394153 -0.00086700122
1.5564424 -0.033038455 -0.0025446926
1.5564431 -0.046268323 -0.0050576128
1.5564438 -0.059039210 -0.0083617088
1.5564445 -0.071310936 -0.012410997
1.5564452 -0.083047677 -0.017157999
1.5564459 -0.094217911 -0.022554155
1.5564466 -0.10479433 -0.028550207
1.5564473 -0.11475371 -0.035096557
1.5564480 -0.12407677 -0.042143594
1.5564487 -0.13274801 -0.049641983
1.5564494 -0.14075549 -0.057542935
1.5564501 -0.14809069 -0.065798429
1.5564508 -0.15474825 -0.074361419
1.5564515 -0.16072578 -0.083186005
1.5564522 -0.16602365 -0.092227572
1.5564529 -0.17064479 -0.10144292
1.5564536 -0.17459447 -0.11079033
1.5564543 -0.17788008 -0.12022968
1.5564550 -0.18051099 -0.12972247
1.5564557 -0.18249832 -0.13923186
1.5564564 -0.18385478 -0.14872268
1.5564571 -0.18459449 -0.15816148
1.5564578 -0.18473286 -0.16751648
1.5564585 -0.18428641 -0.17675758
1.5564592 -0.18327267 -0.18585631
1.5564599 -0.18171002 -0.19478585
1.5564606 -0.17961761 -0.20352094
1.5564613 -0.17701523 -0.21203790
1.5564620 -0.17392325 -0.22031453
1.5564627 -0.17036250 -0.22833011
1.5564634 -0.16635421 -0.23606533
1.5564641 -0.16191997 -0.24350226
1.5564648 -0.15708160 -0.25062430
1.5564655 -0.15186118 -0.25741613
1.5564662 -0.14628093 -0.26386368
1.5564669 -0.14036321 -0.26995409
1.5564676 -0.13413047 -0.27567566
1.5564683 -0.12760521 -0.28101779
1.5564690 -0.12080997 -0.28597102
1.5564697 -0.11376728 -0.29052692
1.5564704 -0.10649965 -0.29467809
1.5564711 -0.099029535 -0.29841814
1.5564718 -0.091379339 -0.30174167
1.5564725 -0.083571381 -0.30464422
1.5564732 -0.075627876 -0.30712227
1.5564739 -0.067570930 -0.30917322
1.5564746 -0.059422513 -0.31079539
1.5564753 -0.051204450 -0.31198798
1.5564760 -0.042938403 -0.31275105
1.5564767 -0.034645854 -0.31308557
1.5564774 -0.026348091 -0.31299335
1.5564781 -0.018066184 -0.31247705
1.5564788 -0.0098209723 -0.31154020
1.5564795 -0.0016330385 -0.31018717
1.5564802 0.0064773086 -0.30842315
1.5564809 0.014490060 -0.30625420
1.5564816 0.022385532 -0.30368719
1.5564823 0.030144388 -0.30072984
1.5564830 0.037747675 -0.29739068
1.5564837 0.045176845 -0.29367907
1.5564844 0.052413792 -0.28960518
1.5564851 0.059440883 -0.28517999
1.5564858 0.066240994 -0.28041529
1.5564865 0.072797547 -0.27532364
1.5564872 0.079094543 -0.26991839
1.5564879 0.085116609 -0.26421365
1.5564886 0.090849031 -0.25822429
1.5564893 0.096277796 -0.25196587
1.5564900 0.10138964 -0.24545470
1.5564907 0.10617207 -0.23870772
1.5564914 0.11061345 -0.23174255
1.5564921 0.11470297 -0.22457742
1.5564928 0.11843077 -0.21723114
1.5564935 0.12178792 -0.20972306
1.5564942 0.12476648 -0.20207302
1.5564949 0.12735954 -0.19430132
1.5564956 0.12956124 -0.18642867
1.5564963 0.13136684 -0.17847610
1.5564970 0.13277269 -0.17046496
1.5564977 0.13377632 -0.16241680
1.5564984 0.13437643 -0.15435337
1.5564991 0.13457289 -0.14629649
1.5564998 0.13436682 -0.13826802
1.5565005 0.13376054 -0.13028978
1.5565012 0.13275758 -0.12238348
1.5565019 0.13136274 -0.11457062
1.5565026 0.12958201 -0.10687247
1.5565033 0.12742260 -0.099309935
1.5565040 0.12489294 -0.091903496
1.5565047 0.12200262 -0.084673151
1.5565054 0.11876238 -0.077638325
1.5565061 0.11518409 -0.070817796
1.5565068 0.11128070 -0.064229626
1.5565075 0.10706619 -0.057891087
1.5565082 0.10255553 -0.051818597
1.5565089 0.097764625 -0.046027657
1.5565096 0.092710256 -0.040532785
1.5565103 0.087410011 -0.035347466
1.5565110 0.081882223 -0.030484099
1.5565117 0.076145895 -0.025953952
1.5565124 0.070220625 -0.021767118
1.5565131 0.064126527 -0.017932483
1.5565138 0.057884152 -0.014457698
1.5565145 0.051514407 -0.011349152
1.5565152 0.045038467 -0.0086119593
1.5565159 0.038477695 -0.0062499468
1.5565166 0.031853554 -0.0042656507
1.5565173 0.025187525 -0.0026603185
1.5565180 0.018501024 -0.0014339172
1.5565187 0.011815317 -0.00058514810
1.5565194 0.0051514428 -0.00011146655
1.5565201 -0.0014698663 -9.1079574E-006
1.5565208 -0.0080282584 -0.00027311885
1.5565215 -0.014503834 -0.00089739293
1.5565222 -0.020877216 -0.0018747119
1.5565229 -0.027129611 -0.0031967901
1.5565236 -0.033242871 -0.0048543240
1.5565243 -0.039199549 -0.0068370438
1.5565250 -0.044982953 -0.0091337691
1.5565257 -0.050577186 -0.011732466
1.5565264 -0.055967194 -0.014620310
1.5565271 -0.061138800 -0.017783741
1.5565278 -0.066078738 -0.021208536
1.5565285 -0.070774677 -0.024879865
1.5565292 -0.075215246 -0.028782356
1.5565299 -0.079390050 -0.032900167
1.5565306 -0.083289687 -0.037217039
1.5565313 -0.086905752 -0.041716369
1.5565320 -0.090230845 -0.046381268
1.5565327 -0.093258569 -0.051194624
1.5565334 -0.095983529 -0.056139161
1.5565341 -0.098401327 -0.061197500
1.5565348 -0.10050855 -0.066352214
1.5565355 -0.10230274 -0.071585880
1.5565362 -0.10378243 -0.076881139
1.5565369 -0.10494705 -0.082220739
1.5565376 -0.10579698 -0.087587588
1.5565383 -0.10633348 -0.092964796
1.5565390 -0.10655866 -0.098335721
1.5565397 -0.10647549 -0.10368401
1.5565404 -0.10608777 -0.10899363
1.5565411 -0.10540006 -0.11424893
1.5565418 -0.10441767 -0.11943462
1.5565425 -0.10314666 -0.12453587
1.5565432 -0.10159376 -0.12953830
1.5565439 -0.099766362 -0.13442800
1.5565446 -0.097672493 -0.13919157
1.5565453 -0.095320768 -0.14381615
1.5565460 -0.092720361 -0.14828944
1.5565467 -0.089880977 -0.15259967
1.5565474 -0.086812811 -0.15673569
1.5565481 -0.083526521 -0.16068696
1.5565488 -0.080033191 -0.16444352
1.5565495 -0.076344301 -0.16799606
1.5565502 -0.072471692 -0.17133591
1.5565509 -0.068427535 -0.17445504
1.5565516 -0.064224299 -0.17734606
1.5565523 -0.059874718 -0.18000227
1.5565530 -0.055391760 -0.18241762
1.5565537 -0.050788598 -0.18458672
1.5565544 -0.046078574 -0.18650488
1.5565551 -0.041275176 -0.18816807
1.5565558 -0.036391999 -0.18957294
1.5565565 -0.031442721 -0.19071681
1.5565572 -0.026441071 -0.19159769
1.5565579 -0.021400801 -0.19221425
1.5565586 -0.016335654 -0.19256586
1.5565593 -0.011259337 -0.19265252
1.5565600 -0.0061854905 -0.19247492
1.5565607 -0.0011276616 -0.19203440
1.5565614 0.0039007261 -0.19133297
1.5565621 0.0088864001 -0.19037325
1.5565628 0.013816267 -0.18915854
1.5565635 0.018677442 -0.18769274
1.5565642 0.023457275 -0.18598036
1.5565649 0.028143378 -0.18402655
1.5565656 0.032723654 -0.18183704
1.5565663 0.037186322 -0.17941812
1.5565670 0.041519947 -0.17677668
1.5565677 0.045713461 -0.17392014
1.5565684 0.049756196 -0.17085646
1.5565691 0.053637901 -0.16759412
1.5565698 0.057348775 -0.16414209
1.5565705 0.060879487 -0.16050982
1.5565712 0.064221198 -0.15670720
1.5565719 0.067365589 -0.15274459
1.5565726 0.070304879 -0.14863270
1.5565733 0.073031849 -0.14438267
1.5565740 0.075539857 -0.14000598
1.5565747 0.077822865 -0.13551441
1.5565754 0.079875449 -0.13092007
1.5565761 0.081692821 -0.12623531
1.5565768 0.083270840 -0.12147274
1.5565775 0.084606028 -0.11664514
1.5565782 0.085695582 -0.11176547
1.5565789 0.086537383 -0.10684683
1.5565796 0.087130005 -0.10190240
1.5565803 0.087472722 -0.096945430
1.5565810 0.087565510 -0.091989185
1.5565817 0.087409054 -0.087046914
1.5565824 0.087004745 -0.082131814
1.5565831 0.086354677 -0.077256988
1.5565838 0.085461649 -0.072435404
1.5565845 0.084329151 -0.067679864
1.5565852 0.082961360 -0.063002957
1.5565859 0.081363128 -0.058417025
1.5565866 0.079539969 -0.053934125
1.5565873 0.077498041 -0.049565992
1.5565880 0.075244132 -0.045323999
1.5565887 0.072785636 -0.041219126
1.5565894 0.070130533 -0.037261925
1.5565901 0.067287364 -0.033462481
1.5565908 0.064265200 -0.029830391
1.5565915 0.061073620 -0.026374724
1.5565922 0.057722677 -0.023103997
1.5565929 0.054222865 -0.020026150
1.5565936 0.050585084 -0.017148517
1.5565943 0.046820608 -0.014477808
1.5565950 0.042941044 -0.012020088
1.5565957 0.038958298 -0.0097807564
1.5565964 0.034884530 -0.0077645365
1.5565971 0.030732120 -0.0059754585
1.5565978 0.026513622 -0.0044168515
1.5565985 0.022241728 -0.0030913352
1.5565992 0.017929219 -0.0020008150
1.5565999 0.013588931 -0.0011464797
1.5566006 0.0092337094 -0.00052880150
1.5566013 0.0048763655 -0.00014753930
1.5566020 0.00052963965 -1.7437322E-006
1.5566027 -0.0037938420 -8.9765333E-005
1.5566034 -0.0080816064 -0.00040926496
1.5566041 -0.012321373 -0.00095722663
1.5566048 -0.016501090 -0.0017299727
1.5566055 -0.020608972 -0.0027231810
1.5566062 -0.024633538 -0.0039319048
1.5566069 -0.028563638 -0.0053505935
1.5566076 -0.032388491 -0.0069731167
1.5566083 -0.036097715 -0.0087927886
1.5566090 -0.039681351 -0.010802395
1.5566097 -0.043129894 -0.012994221
1.5566104 -0.046434318 -0.015360080
1.5566111 -0.049586094 -0.017891346
1.5566118 -0.052577215 -0.020578983
1.5566125 -0.055400212 -0.023413577
1.5566132 -0.058048174 -0.026385372
1.5566139 -0.060514756 -0.029484300
1.5566146 -0.062794198 -0.032700017
1.5566153 -0.064881329 -0.036021937
1.5566160 -0.066771581 -0.039439267
1.5566167 -0.068460989 -0.042941038
1.5566174 -0.069946201 -0.046516144
1.5566181 -0.071224473 -0.050153373
1.5566188 -0.072293677 -0.053841442
1.5566195 -0.073152293 -0.057569029
1.5566202 -0.073799407 -0.061324805
1.5566209 -0.074234710 -0.065097471
1.5566216 -0.074458486 -0.068875781
1.5566223 -0.074471604 -0.072648582
1.5566230 -0.074275512 -0.076404834
1.5566237 -0.073872224 -0.080133648
1.5566244 -0.073264304 -0.083824306
1.5566251 -0.072454859 -0.087466293
1.5566258 -0.071447517 -0.091049321
1.5566265 -0.070246417 -0.094563353
1.5566272 -0.068856188 -0.097998628
1.5566279 -0.067281933 -0.10134568
1.5566286 -0.065529210 -0.10459537
1.5566293 -0.063604012 -0.10773888
1.5566300 -0.061512747 -0.11076777
1.5566307 -0.059262217 -0.11367397
1.5566314 -0.056859597 -0.11644979
1.5566321 -0.054312412 -0.11908797
1.5566328 -0.051628516 -0.12158165
1.5566335 -0.048816070 -0.12392443
1.5566342 -0.045883512 -0.12611032
1.5566349 -0.042839545 -0.12813383
1.5566356 -0.039693103 -0.12998991
1.5566363 -0.036453330 -0.13167399
1.5566370 -0.033129561 -0.13318200
1.5566377 -0.029731288 -0.13451035
1.5566384 -0.026268144 -0.13565593
1.5566391 -0.022749876 -0.13661616
1.5566398 -0.019186316 -0.13738893
1.5566405 -0.015587364 -0.13797266
1.5566412 -0.011962958 -0.13836626
1.5566419 -0.0083230507 -0.13856917
1.5566426 -0.0046775867 -0.13858129
1.5566433 -0.0010364768 -0.13840307
1.5566440 0.0025904257 -0.13803542
1.5566447 0.0061933487 -0.13747977
1.5566454 0.0097626250 -0.13673803
1.5566461 0.013288716 -0.13581259
1.5566468 0.016762234 -0.13470632
1.5566475 0.020173966 -0.13342256
1.5566482 0.023514896 -0.13196509
1.5566489 0.026776225 -0.13033815
1.5566496 0.029949395 -0.12854643
1.5566503 0.033026110 -0.12659501
1.5566510 0.035998354 -0.12448942
1.5566517 0.038858414 -0.12223554
1.5566524 0.041598895 -0.11983967
1.5566531 0.044212747 -0.11730845
1.5566538 0.046693271 -0.11464888
1.5566545 0.049034146 -0.11186827
1.5566552 0.051229443 -0.10897427
1.5566559 0.053273636 -0.10597478
1.5566566 0.055161622 -0.10287801
1.5566573 0.056888732 -0.099692382
1.5566580 0.058450744 -0.096426569
1.5566587 0.059843894 -0.093089432
1.5566594 0.061064888 -0.089690016
1.5566601 0.062110908 -0.086237519
1.5566608 0.062979624 -0.082741268
1.5566615 0.063669198 -0.079210695
1.5566622 0.064178290 -0.075655310
1.5566629 0.064506062 -0.072084676
1.5566636 0.064652181 -0.068508382
1.5566643 0.064616820 -0.064936016
1.5566650 0.064400659 -0.061377137
1.5566657 0.064004881 -0.057841252
1.5566664 0.063431173 -0.054337785
1.5566671 0.062681715 -0.050876052
1.5566678 0.061759181 -0.047465234
1.5566685 0.060666729 -0.044114352
1.5566692 0.059407987 -0.040832237
1.5566699 0.057987052 -0.037627510
1.5566706 0.056408469 -0.034508553
1.5566713 0.054677224 -0.031483485
1.5566720 0.052798726 -0.028560140
1.5566727 0.050778791 -0.025746043
1.5566734 0.048623626 -0.023048388
1.5566741 0.046339810 -0.020474019
1.5566748 0.043934272 -0.018029405
1.5566755 0.041414273 -0.015720628
1.5566762 0.038787381 -0.013553361
1.5566769 0.036061451 -0.011532853
1.5566776 0.033244597 -0.0096639130
1.5566783 0.030345170 -0.0079508995
1.5566790 0.027371733 -0.0063977056
1.5566797 0.024333030 -0.0050077498
1.5566804 0.021237967 -0.0037839669
1.5566811 0.018095575 -0.0027288006
1.5566818 0.014914991 -0.0018441978
1.5566825 0.011705425 -0.0011316048
1.5566832 0.0084761328 -0.00059196455
1.5566839 0.0052363901 -0.00022571581
1.5566846 0.0019954616 -3.2794322E-005
1.5566853 -0.0012374254 -1.2635106E-005
1.5566860 -0.0044531090 -0.00016417659
1.5566867 -0.0076425198 -0.00048586629
1.5566874 -0.010796708 -0.00097566811
1.5566881 -0.013906869 -0.0016310710
1.5566888 -0.016964369 -0.0024490994
1.5566895 -0.019960772 -0.0034263246
1.5566902 -0.022887859 -0.0045588778
1.5566909 -0.025737658 -0.0058424648
1.5566916 -0.028502459 -0.0072723810
1.5566923 -0.031174839 -0.0088435284
1.5566930 -0.033747684 -0.010550433
1.5566937 -0.036214201 -0.012387265
1.5566944 -0.038567944 -0.014347857
1.5566951 -0.040802824 -0.016425723
1.5566958 -0.042913127 -0.018614085
1.5566965 -0.044893527 -0.020905889
1.5566972 -0.046739099 -0.023293832
1.5566979 -0.048445331 -0.025770384
1.5566986 -0.050008131 -0.028327808
1.5566993 -0.051423838 -0.030958190
1.5567000 -0.052689227 -0.033653459
